train_net: "models/icdar2015ch4/ResNet50/q_rfcn/train_q_rfcn_cpu.prototxt"
base_lr: 0.0010000000475
display: 1
lr_policy: "step"
gamma: 0.10000000149
momentum: 0.899999976158
weight_decay: 0.000500000023749
stepsize: 40000
snapshot: 0
snapshot_prefix: "ResNet50_q_rfcn_cpu_icdar2015ch4"
clip_gradients: 20.0
iter_size: 1

